0 0 0.99975 0.9996666671875 0.99975 0.9996666671875 0.40499999999999997 0.0116666671875 0.3825 0 0.3875 0 0.99975
0 0.7 0.37875000000000003 0.265 0.27999999999999997 0.205 0.27625 0.16 0.27625 0.13 0.27125 0.0883333328125 0.27625 0.0933333328125 0.305 0.1233333328125 0.3 0.1266666671875 0.31625000000000003 0.13 0.3375 0.11000000000000001 0.34500000000000003 0.1116666671875 0.38125 0.3083333328125 0.38 0.31 0.34375 0.5716666671875 0.355 0.5783333328125 0.37625000000000003 0.7 0.37875000000000003
2 0.1833333328125 0.2725 0.2116666671875 0.26875 0.2133333328125 0.24 0.205 0.21125 0.1833333328125 0.215 0.1833333328125 0.2725
2 0.1416949453125 0.20625132499999999 0.1433333328125 0.27875 0.17333333281250002 0.27375 0.16833333281250001 0.20750000000000002 0.1416949453125 0.20625132499999999
2 0.145 0.20750000000000002 0.12833333281249998 0.20875 0.12 0.21125 0.1166666671875 0.21000000000000002 0.11333333281249999 0.27375 0.14666666718750002 0.2725 0.145 0.20750000000000002
2 0.0883333328125 0.20750000000000002 0.0866666671875 0.27125 0.11333333281249999 0.27375 0.1233333328125 0.24625 0.11000000000000001 0.21000000000000002 0.0883333328125 0.20750000000000002
2 0.30333333281249997 0.27375 0.33999999999999997 0.275 0.33999999999999997 0.22374999999999998 0.3066666671875 0.22625 0.30333333281249997 0.27375
2 0.33999999999999997 0.29 0.37333333281250003 0.28250000000000003 0.375 0.225 0.3433333328125 0.22625 0.33999999999999997 0.29
2 0.4016666671875 0.27749999999999997 0.4233333328125 0.27375 0.4183333328125 0.22875 0.4 0.22749999999999998 0.4016666671875 0.27749999999999997
2 0.3783333328125 0.28125 0.395 0.28250000000000003 0.395 0.22875 0.37333333281250003 0.2225 0.3783333328125 0.28125
1 0.86 0.255 0.7666666671875 0.29874999999999996 0.8266666671875 0.31875 0.86 0.255
1 0.575 0.29125 0.7116666671874999 0.23625 0.64 0.22749999999999998 0.53 0.27749999999999997 0.575 0.29125