0 0 0.99975 0.9988426671875 0.99975 0.9996666671875 0.41174 0.925613 0.39937425000000004 0.9147056671874999 0.397662 0.8875643328124999 0.39309625000000004 0.8824913328124999 0.3910035 0.8731059999999999 0.3940475 0.8632133328125 0.39157425 0.8568716671875001 0.39195475 0.8533206671875 0.40013525000000005 0.8578863328124999 0.41383274999999997 0.855857 0.42087175 0.8510376671875 0.42791075 0.846218 0.43513999999999997 0.8363253328125 0.43837425 0.8271936671875 0.43628150000000004 0.8228816671875 0.43418875 0.8193303328124999 0.430384 0.820345 0.42524749999999994 0.8198376671875 0.41630599999999995 0.8162863328125001 0.40793524999999997 0.8132426671875 0.39937425000000004 0.8119743328125001 0.39119375 0.8119743328125001 0.38358400000000004 0.753993 0.37464274999999997 0.7382663328125 0.37464274999999997 0.7220323328125 0.37445249999999997 0.684491 0.376545 0.6811933328124999 0.38795975 0.684491 0.38967175 0.700725 0.38795975 0.720003 0.3940475 0.7286273328124999 0.39176449999999996 0.731925 0.38206225 0.7375053328125001 0.37787675 0.7557686671875 0.379589 0.7542466671875 0.38415475 0.7557686671875 0.39899375 0.760081 0.40374999999999994 0.7638856671875 0.41573525 0.7656613328125 0.42600825000000003 0.7687053328125 0.431145 0.7636320000000001 0.43494975 0.7387736671875 0.435901 0.7068126671875 0.43647175000000005 0.6857593328125 0.43609125000000004 0.656335 0.43628150000000004 0.6332519999999999 0.43571075 0.6223446671875 0.43456925 0.6010373328124999 0.43000350000000004 0.5906373328125001 0.42429625 0.5906373328125001 0.41877899999999996 0.5916520000000001 0.40869625000000004 0.593174 0.4050815 0.6007836671875 0.394428 0.6091543328125 0.39290600000000003 0.6352813328125 0.39671075 0.6464423328125 0.39633050000000003 0.6512616671875 0.38986200000000004 0.6532910000000001 0.381872 0.651008 0.37673524999999997 0.6520226671875 0.3683645 0.647964 0.36037425 0.6378176671875 0.35866224999999996 0.630208 0.35523775 0.6225983328125 0.3525745 0.6099153328125 0.3518135 0.5952033328125 0.350672 0.5842959999999999 0.34610599999999997 0.5782083328125001 0.344394 0.5782083328125001 0.35200375 0.57694 0.35942324999999997 0.578462 0.3658915 0.58734 0.3658915 0.5974863328125 0.363989 0.6015446671875 0.3674135 0.605857 0.37159875000000003 0.6114373328125 0.37597425 0.6215836671875 0.38035 0.6337593328125 0.38681825000000003 0.6269106671875 0.38986200000000004 0.6187933328125 0.39081325 0.6043350000000001 0.3910035 0.5842959999999999 0.391384 0.5673009999999999 0.39119375 0.5444716671875 0.39081325 0.5388913328125 0.38967175 0.52494 0.38834025 0.521896 0.399184 0.5231643328125 0.40451075000000003 0.5236716671874999 0.41174 0.525701 0.41725725 0.5289986671875 0.42429625 0.5312813328125 0.4307645 0.5305206671875 0.43494975 0.5201206671875 0.43647175000000005 0.5056163328125 0.43761324999999995 0.5005433328125 0.43780349999999996 0.49420166718749997 0.44027675000000005 0.4845626671875 0.43647175000000005 0.4825336671875 0.41473075000000004 0.48177266718749995 0.4044575 0.4810116671875 0.39437475 0.48228 0.38809675 0.48202633281249996 0.37915525 0.4789823328125 0.37496975 0.4723873328125 0.37173575 0.4698506671875 0.3685015 0.46908966718749995 0.3614625 0.46934333281249996 0.3551845 0.46934333281249996 0.35023825 0.4685823328125 0.34548199999999996 0.46807499999999996 0.3388235 0.4624946671875 0.33730175 0.455103 0.33349675 0.4538346671875 0.33597 0.4540883328125 0.3388235 0.44749333281250003 0.34357975 0.4436883328125 0.34205775 0.4391223328125 0.338443 0.43303466718749994 0.33901375 0.432781 0.3458625 0.4340493328125 0.35385275 0.435064 0.36317475 0.4337956671875 0.369643 0.4266933328125 0.373448 0.417521 0.378204 0.4053453328125 0.37763325000000003 0.38885766718750003 0.37706249999999997 0.3784576671875 0.37725274999999997 0.3738916671875 0.37706249999999997 0.3599406671875 0.37439900000000004 0.3579113328125 0.371165 0.355121 0.36583825000000003 0.3503016671875 0.3607015 0.34548199999999996 0.3582285 0.338887 0.35309175000000004 0.338887 0.34947724999999996 0.3416773328125 0.34472125 0.34446733281249997 0.34205775 0.34548199999999996 0.338443 0.343453 0.33197475 0.34117000000000003 0.3371115 0.3345746671875 0.337492 0.3317846671875 0.33501875000000003 0.3302626671875 0.3325455 0.326965 0.32645775 0.326204 0.3293115 0.3236676671875 0.3355895 0.3229066671875 0.33616025 0.3185943328125 0.338443 0.3160576671875 0.3449115 0.3147896671875 0.35099925 0.315043 0.35613575000000003 0.318087 0.36260400000000004 0.318087 0.36716975 0.3071796671875 0.36831125 0.30185300000000004 0.36755024999999997 0.2950043328125 0.36697975 0.293736 0.36431625 0.29348233281249997 0.361843 0.2932286671875 0.35727725 0.291453 0.35080900000000004 0.29094566718750003 0.3481455 0.290692 0.3433895 0.2894236671875 0.33825275 0.288409 0.33368699999999996 0.286126 0.328931 0.28384333281249996 0.32531625000000003 0.2820676671875 0.3192285 0.27826266718750003 0.32017975 0.27877 0.32379425 0.2800383328125 0.32721875 0.2800383328125 0.329692 0.27953100000000003 0.3340675 0.2790236671875 0.33654075 0.27826266718750003 0.338443 0.2775016671875 0.34281875 0.27877 0.347765 0.2790236671875 0.352331 0.27953100000000003 0.35689675 0.2797846671875 0.35937 0.27826266718750003 0.361843 0.2767406671875 0.36317475 0.2731896671875 0.36583825000000003 0.26558000000000004 0.3667895 0.2622823328125 0.3667895 0.25797 0.36564800000000003 0.2574626671875 0.361082 0.2577163328125 0.35841875 0.2564483328125 0.354804 0.2561946671875 0.35099925 0.25594100000000003 0.34719425 0.254419 0.34053575 0.2523896671875 0.33501875000000003 0.24985300000000002 0.33121375 0.2473163328125 0.33026275 0.24630200000000002 0.3285505 0.24579466718749998 0.3247455 0.24452633281249997 0.32037 0.24528733281249998 0.316565 0.23666299999999998 0.3161845 0.2348873328125 0.32607725 0.179336 0.3247455 0.1767996671875 0.32683825 0.1618336671875 0.32569675 0.158029 0.3247455 0.1344386671875 0.3239845 0.1299573328125 0.3260235 0.1337243328125 0.32771875 0.1359843328125 0.32771875 0.1487916671875 0.32828375 0.15632566718750002 0.32941375 0.1627293328125 0.3308265 0.164236 0.33336899999999997 0.1638593328125 0.3336515 0.15745566718749998 0.33506425 0.1420113328125 0.33760675 0.1314643328125 0.33873675 0.1137596671875 0.34156200000000003 0.1035893328125 0.34156200000000003 0.07383100000000001 0.33873675 0.05763333281250001 0.33619425000000003 0.0440726671875 0.33675925 0.051983 0.34438725 0.050476332812500004 0.35060250000000004 0 0.35512275 0 0.369226 0 0.99975
1 0.3155356671875 0.334254 0.5169793328125001 0.99975 0.5668946671875 0.99607675 0.3297973328125 0.33559100000000003 0.3155356671875 0.334254
1 0.779769 0.43009375 0.63175 0.4349005 0.585971 0.44039400000000006 0.7886193328125 0.4349005 0.7873986671875 0.42872025 0.7602366671875 0.4239135 0.779769 0.43009375
1 0.6253409999999999 0.38431475000000004 0.5252376671875 0.38294125 0.5197443328125 0.38202575 0.516082 0.387748 0.522796 0.3909525 0.6274773328125 0.387748 0.6253409999999999 0.38431475000000004
2 0.5005646671874999 0.438649 0.5038986671875 0.438649 0.514853 0.43972049999999996 0.5248546671875001 0.43972049999999996 0.5300936671875001 0.4325765 0.5300936671875001 0.4222175 0.5258073328124999 0.414359 0.5224733328125 0.40328549999999996 0.5229496671875 0.39221225 0.523902 0.38363925 0.5248546671875001 0.374709 0.5262836671875 0.36470725000000004 0.5281886671875 0.35684875 0.532475 0.34648975000000004 0.5334276671875 0.33755975 0.5362853328125 0.3318445 0.5386666671875 0.32041375 0.5396193328125001 0.31219800000000003 0.5367616671875 0.29969575000000004 0.5319986671875 0.2954095 0.5215206671875 0.29255175 0.5177106671875 0.28576475 0.5205683328124999 0.28040675 0.5191393328125 0.27290549999999997 0.514853 0.26576125 0.509614 0.263618 0.5038986671875 0.2625465 0.49389700000000003 0.2679045 0.4886576671875 0.2714765 0.4867526671875 0.27290549999999997 0.4843713328125 0.2800495 0.4867526671875 0.28576475 0.48722899999999997 0.289694 0.4829426671875 0.292909 0.4738933328125 0.2971955 0.471512 0.30219625 0.471512 0.30684 0.46674933281250003 0.31434125 0.4643676671875 0.3200565 0.4677016671875 0.32541475000000003 0.470083 0.327558 0.4691306671875 0.33505925 0.4686543328125 0.34184625 0.4677016671875 0.351848 0.4677016671875 0.3564915 0.46674933281250003 0.3632785 0.4691306671875 0.37077974999999996 0.4772273328125 0.37578075 0.47865599999999997 0.376138 0.48056099999999996 0.38613975 0.48056099999999996 0.38899724999999996 0.48103733281250005 0.396856 0.4796086671875 0.402214 0.480085 0.40757199999999993 0.4829426671875 0.41650225 0.48389499999999996 0.42186025000000005 0.4815136671875 0.42686124999999997 0.4815136671875 0.430076 0.4824663328125 0.4325765 0.4829426671875 0.43436250000000004 0.4834186671875 0.435077 0.4796086671875 0.43400524999999995 0.48913399999999996 0.438649 0.5005646671874999 0.438649
2 0.8515790000000001 0.4275755 0.8539606671875 0.42078875 0.853008 0.41400175 0.8515790000000001 0.41042975000000004 0.8525316671875001 0.40507150000000003 0.8577706671875 0.39649875 0.8620573328125 0.38899724999999996 0.8644386671875001 0.391855 0.870154 0.39542700000000003 0.877298 0.39471275 0.8820606671875 0.386497 0.8834896671875001 0.3807815 0.8858710000000001 0.374352 0.889681 0.360778 0.8958726671875 0.35077625 0.8953963328125001 0.3425605 0.89111 0.32934399999999997 0.8839656671875 0.3182705 0.8787266671875 0.31219800000000003 0.8696776671875 0.30541125 0.870154 0.2971955 0.8720589999999999 0.28933675000000003 0.8692013328125 0.27862075000000003 0.8620573328125 0.27504875 0.8544366671875 0.27504875 0.8406246671875 0.278978 0.8349096671874999 0.2850505 0.8315756671875001 0.301839 0.828718 0.30255350000000003 0.8163346671875 0.3075545 0.8130010000000001 0.313984 0.8068093328125 0.32970125 0.804428 0.3389885 0.8001413328125 0.3457755 0.7968076671875 0.35934925 0.7987126671875 0.37077974999999996 0.8034753328124999 0.37649525 0.8087143328125 0.37971 0.8096669999999999 0.386497 0.811572 0.39757025 0.8168110000000001 0.40721474999999996 0.821574 0.41471625 0.82205 0.42078875 0.8196686671875 0.42578950000000004 0.8187163328124999 0.43043325 0.82205 0.43400524999999995 0.8277653328125 0.4379345 0.8372909999999999 0.43936349999999996 0.8472926671875 0.43543424999999997 0.8515790000000001 0.4275755
2 0.2819546671875 0.350419 0.282907 0.34041725 0.2814783328125 0.32970125 0.2814783328125 0.3214855 0.286241 0.31898499999999996 0.282907 0.31326975 0.28100200000000003 0.30648274999999997 0.27957333281249996 0.30076749999999997 0.2819546671875 0.29076575 0.275763 0.28576475 0.26099866718750003 0.28719375 0.2576646671875 0.28826525 0.253378 0.2971955 0.2509966671875 0.2989815 0.2467103328125 0.30219625 0.24289999999999998 0.3079115 0.24242366718750002 0.31148375 0.24337633281249998 0.32041375 0.24432900000000002 0.32541475000000003 0.2452813328125 0.33255875 0.2457576671875 0.332916 0.251473 0.3389885 0.2519493328125 0.34291775 0.252902 0.350419 0.25433066718749997 0.35541999999999996 0.2557596671875 0.360778 0.25718833281250003 0.36363575 0.261951 0.3668505 0.2690953328125 0.36613625 0.27766799999999997 0.3650645 0.28100200000000003 0.35827775 0.2819546671875 0.350419
2 0.317199 0.34791875 0.320533 0.34041725 0.326248 0.334702 0.3291056671875 0.32898675 0.32815333281250003 0.3218425 0.32720066718749996 0.31612724999999997 0.320533 0.30469675 0.31577 0.30076749999999997 0.310531 0.2939805 0.3038633328125 0.28647925 0.2995766671875 0.28469325 0.2905276671875 0.286122 0.2886223328125 0.291123 0.2881463328125 0.2975525 0.28100200000000003 0.30148199999999997 0.2800496671875 0.30576824999999996 0.2800496671875 0.310412 0.2805256671875 0.31791325000000004 0.28100200000000003 0.32541475000000003 0.2819546671875 0.32898675 0.28481233281249996 0.34220324999999996 0.28767 0.34791875 0.2905276671875 0.35506275 0.2957666671875 0.362207 0.2957666671875 0.36470725000000004 0.29767166718750004 0.36970825 0.305292 0.3686365 0.3167226671875 0.36756500000000003 0.3186276671875 0.3614925 0.3186276671875 0.35863475 0.317199 0.34791875
2 0.4181693328125 0.363993 0.42293200000000003 0.35684875 0.4243606671875 0.348633 0.4272183328125 0.3425605 0.4295996671875 0.33755975 0.42912333281250004 0.33005825 0.42674200000000007 0.32219975 0.42293200000000003 0.315413 0.4191216671875 0.30862599999999996 0.4153116671875 0.30076749999999997 0.4115013328125 0.29326625 0.4062623328125 0.28897975 0.398642 0.28826525 0.3938793328125 0.29862425 0.39102166718750003 0.303268 0.388164 0.30719725000000003 0.38530633281250004 0.3146985 0.383401 0.32291425 0.381496 0.32970125 0.3819723328125 0.336488 0.386735 0.3443465 0.38959266718749996 0.35077625 0.39054533281250003 0.35970650000000004 0.39054533281250003 0.3686365 0.39054533281250003 0.376138 0.3976893328125 0.37756675 0.4034046671875 0.37720950000000003 0.412454 0.374352 0.4153116671875 0.3718515 0.4181693328125 0.363993
2 0.3824486671875 0.35506275 0.382925 0.34827575 0.388164 0.33434474999999997 0.39054533281250003 0.324343 0.38864 0.31684175 0.38435366718749997 0.31076925 0.3800673328125 0.30112475 0.36911299999999997 0.296481 0.36149233281250004 0.29969575000000004 0.3548246671875 0.3079115 0.3533956671875 0.31076925 0.3505383328125 0.32041375 0.34529899999999997 0.33005825 0.3443466671875 0.3354165 0.34339400000000003 0.338274 0.34148900000000004 0.34648975000000004 0.3443466671875 0.3529195 0.3514906671875 0.360778 0.3562533328125 0.36363575 0.3562533328125 0.3700655 0.3662553328125 0.37649525 0.3767333328125 0.376138 0.3819723328125 0.3700655 0.3819723328125 0.362564 0.3824486671875 0.35506275
2 0.6977423328125 0.34148900000000004 0.6963136671875 0.34720425 0.697266 0.35506275 0.7001236671875 0.3561345 0.712507 0.3547055 0.716317 0.3529195 0.722985 0.34541825 0.7239376671875 0.34113175 0.7272713328125 0.33327325 0.7320343328125001 0.324343 0.730129 0.31934225 0.7239376671875 0.31434125 0.721556 0.310412 0.716317 0.303625 0.7120306671875001 0.30219625 0.7044103328125 0.303625 0.7034576671874999 0.30862599999999996 0.7034576671874999 0.31291250000000004 0.7015526671875 0.317199 0.6986950000000001 0.322557 0.6963136671875 0.32398574999999996 0.6986950000000001 0.33041550000000003 0.7015526671875 0.3354165 0.7006 0.33720249999999996 0.6977423328125 0.34148900000000004
2 0.7044103328125 0.34899025 0.7048866671875 0.345061 0.7063153328125 0.33505925 0.7029813328125 0.32934399999999997 0.7015526671875 0.327915 0.7034576671874999 0.322557 0.7010763328125 0.31791325000000004 0.6948846671875 0.31255525 0.6886933328125 0.31219800000000003 0.6834543328125 0.3164845 0.6829780000000001 0.317199 0.6834543328125 0.32362875 0.6767863328125 0.34970475 0.6791676671875 0.35506275 0.6886933328125 0.35756325 0.7015526671875 0.35327675 0.7044103328125 0.34899025